[General]
Resolution=0
Sensitive=0
[Beryl M762]
recoilBase=500.000000
shotInterval=80
recoilRates=1.00,1.32,1.36,1.63,1.78,2.10,2.24,2.31,2.33,2.66,3.09,2.89,3.19,3.40,3.24,3.18,3.03,2.22,2.32,2.13,2.22,1.92,1.80,1.66,1.55,1.49,1.54,1.67,1.36,1.46
shotCount=30
aimRecoil=400
crouchEffect=0.600000
proneEffect=0.200000
